  0.220080065
  0.194169363
  0.17643336
  0.162997411
  0.152258205
  0.143278394
  0.13582531
  0.128997325
  0.123191489
  0.117863872
  0.113182871
  0.108687777
  0.104563643
  0.100781474
  0.0973152058
  0.0939681562
  0.090903521
  0.0879388345
  0.0852276876
  0.0824481101
  0.0799062418
  0.0775855254
  0.0751935701
  0.0728753587
  0.0707588401
  0.068577351
  0.0665856595
  0.0645328292
  0.0626586026
  0.0607268432
  0.0588546397
  0.0570401561
  0.0552816129
  0.0534786832
  0.0517345535
  0.0500473061
  0.0483259839
  0.0465779859
  0.0448932147
  0.0431897515
  0.0414744567
  0.0398272853
  0.0380347622
  0.0362560682
  0.0344969505
  0.0325822225
  0.030604177
  0.0285351858
  0.0262651996
  0.0237345338
  0.0206719147
  0.016329794
  0.011961364
  0.011961364
  0.011961364
  0.011961364
  0.011961364
  0.011961364
  0.011961364
  0.011961364
