  887.093411
  962.042563
  1047.12218
  1142.48277
  1247.8572
  1362.48259
  1485.06042
  1613.77237
  1746.36179
  1880.27821
  2012.86763
  2141.57959
  2264.15742
  2378.7828
  2484.15723
  2579.51782
  2664.59744
  2739.54659
  2804.83643
  2861.15943
  2909.33944
  2950.2576
  2984.79614
  3013.79925
  3038.04842
  3058.2493
  3075.02681
  3088.92607
  3100.41687
  3109.90018
  3117.71557
  3124.14884
  3129.43932
  3133.78653
  3137.35634
  3140.28619
  3142.68976
  3144.66085
  3146.27682
  3147.60132
  3148.6867
  3149.57599
  3150.30453
  3150.90129
  3151.39008
  3151.7904
  3152.11825
  3152.38672
  3152.60657
  3152.7866
  3152.934
  3153.05471
  3153.15353
  3153.23445
  3153.30071
  3153.35496
  3153.39937
  3153.43574
  3153.46551
  3153.48989
