  15.0675
  25.1125
  35.1575
  45.2025
  55.2475
  65.2925
  75.3375
  85.3825
  95.4275
  105.4725
  115.5175
  125.5625
  135.6075
  145.6525
  155.6975
  165.7425
  175.7875
  185.8325
  195.8775
  205.9225
  215.9675
  226.0125
  236.0575
  246.1025
  256.1475
  266.1925
  276.2375
  286.2825
  296.3275
  306.3725
  316.4175
  326.4625
  336.5075
  346.5525
  356.5975
  366.6425
  376.6875
  386.7325
  396.7775
  406.8225
  416.8675
  426.9125
  436.9575
  447.0025
  457.0475
  467.0925
  477.1375
  487.1825
  497.2275
  507.2725
  517.3175
  527.3625
  537.4075
  547.4525
  557.4975
  567.5425
  577.5875
  587.6325
  597.6775
  607.7225
