  0.145211162
  0.106169556
  0.0835603018
  0.0685488226
  0.0578096047
  0.0496592321
  0.0434510224
  0.0381944271
  0.034040819
  0.0304789499
  0.027542287
  0.0248885732
  0.0225943577
  0.0206062991
  0.0188799135
  0.0172981636
  0.0159220873
  0.0146554784
  0.0135518941
  0.0124738351
  0.0115345326
  0.0107151931
  0.00990831945
  0.0091622049
  0.00851138038
  0.0078704579
  0.00731139083
  0.00676082975
  0.00628058359
  0.00580764418
  0.00537031796
  0.00496592321
  0.00459198013
  0.00422668614
  0.00389045145
  0.00358096437
  0.00328095293
  0.00299226464
  0.00272897778
  0.00247742206
  0.00223872114
  0.00202301918
  0.00180301774
  0.00159955803
  0.00141253754
  0.0012246162
  0.00104712855
  0.000879022517
  0.000714496326
  0.000554625713
  0.000392644935
  0.000217770977
  0.0001
  0.0001
  0.0001
  0.0001
  0.0001
  0.0001
  0.0001
  0.0001
