  68.8652296
  94.1889597
  119.674053
  145.881426
  172.981636
  201.372425
  230.144182
  261.818301
  293.764965
  328.095293
  363.078055
  401.790811
  442.588372
  485.2885
  529.663444
  578.096047
  628.058359
  682.338694
  737.90423
  801.678063
  866.961876
  933.254301
  1009.25289
  1091.44034
  1174.89755
  1270.57411
  1367.72883
  1479.10839
  1592.20873
  1721.86857
  1862.08714
  2013.72425
  2177.70977
  2365.9197
  2570.39578
  2792.54384
  3047.89499
  3341.9504
  3664.37575
  4036.45393
  4466.83592
  4943.10687
  5546.25713
  6251.72693
  7079.45784
  8165.82371
  9549.92586
  11376.2729
  13995.8732
  18030.1774
  25468.3025
  45919.8013
  100000.
  100000.
  100000.
  100000.
  100000.
  100000.
  100000.
  100000.
