  0.
  7.492
  8.044875
  8.59775
  9.150625
  9.7035
  10.256375
  10.80925
  11.362125
  11.915
  12.4526
  12.9902
  13.5278
  14.0654
  14.603
  15.1406
  15.6782
  16.2158
  16.7534
  17.291
  18.1407
  18.9904
  19.8401
  20.6898
  21.5395
  22.3892
  23.2389
  24.0886
  24.9383
  25.788
  27.8824
  29.9768
  32.0712
  34.1656
  36.26
  38.3544
  40.4488
  42.5432
  44.6376
  46.732
  49.8588
  52.9856
  56.1124
  59.2392
  62.366
  65.4928
  68.6196
  71.7464
  74.8732
  78.
  80.1
  82.2
  84.3
  86.4
  88.5
  90.6
  92.7
  94.8
  96.9
  99.
  100.
